id	label	x	y	cluster	weight<Links>	weight<Total link strength>	weight<Occurrences>	score<Avg. pub. year>
1	3d printing	-1.1029	-0.1355	1	90	172	14	2020.7143
2	absolute error	-1.0919	0.2212	1	185	461	24	2021.875
3	absolute shrinkage	1.2014	-0.0299	2	429	1595	58	2021.9138
4	abundance	0.4978	-0.1117	2	515	1483	104	2020.8077
5	accurate detection	-0.2945	0.1344	3	141	194	14	2020.6429
6	accurate diagnosis	0.1255	0.1408	3	120	168	11	2021.5455
7	accurate model	-0.5787	0.1881	1	151	208	13	2021.5385
8	accurate prediction	-0.6089	0.0479	1	339	633	43	2021.1628
9	accurate result	-1.0692	0.0811	1	132	190	12	2021.5833
10	activation	0.8763	-0.1187	2	445	1254	68	2020.6471
11	active learning	-0.9152	-0.158	1	101	151	12	2020.9167
12	adaboost	-0.8463	0.224	1	153	242	16	2021.9375
13	additive	-1.0045	-0.0613	1	94	143	14	2021
14	additive manufacturing	-1.1768	-0.0632	1	168	390	24	2021.4167
15	admission	0.39	0.2895	3	278	773	40	2021.1
16	adp ribose	0.3667	-0.0617	2	136	203	14	2020.7857
17	adsorption	-1.0601	-0.1887	1	196	499	37	2020.6486
18	adult	0.4104	0.1539	3	249	495	34	2020.8529
19	adult patient	0.2233	0.2568	3	164	289	14	2020.7143
20	advancement	-0.4849	-0.1474	1	284	515	32	2021.4062
21	advantage	-0.698	-0.041	1	527	1453	105	2020.8476
22	age	0.335	0.1099	3	693	3165	187	2020.8342
23	alteration	0.5909	-0.0773	2	470	1207	84	2021.0476
24	alzheimers disease	0.4051	-0.1898	2	80	97	10	2021.9
25	aml	0.977	-0.0585	2	137	193	10	2021.6
26	analytical model	-1.2397	0.0322	1	125	213	14	2020.2143
27	ann	-0.9861	0.0874	1	517	1913	119	2021.1092
28	ann model	-1.0215	0.139	1	290	779	46	2021.7391
29	anns	-1.1122	0.087	1	190	364	22	2020.7727
30	anti	0.3078	-0.0448	3	198	289	19	2021.3684
31	antigen	0.4888	0.0136	3	268	459	33	2019.3636
32	apoptosis	1.0272	-0.151	2	269	579	27	2021.1111
33	applicability	-0.6732	-0.0184	1	365	682	51	2020.9608
34	application	-0.5839	-0.0529	1	975	7389	582	2020.6564
35	april	0.1284	0.2391	3	187	351	20	2021.35
36	aqueous solution	-1.0389	-0.0482	1	100	161	12	2022
37	architecture	-0.6566	0.0203	1	513	1604	113	2020.8142
38	art method	-0.3643	0.1029	3	142	234	16	2021.375
39	artificial neural network	-0.9263	0.0765	1	625	2798	181	2020.8564
40	assembly	-0.6515	-0.1779	1	290	554	44	2020.7273
41	association	0.6347	0.0005	2	634	2330	145	2020.7655
42	atom	-0.9765	-0.1963	1	220	429	28	2020.6786
43	attempt	-0.6405	-0.0573	1	225	342	26	2020.6154
44	auc	0.6207	0.1366	3	716	4653	249	2021.1687
45	auc value	0.5175	0.0066	2	246	371	21	2020.9524
46	august	0.1911	0.2582	3	148	230	14	2021.2857
47	auroc	0.3514	0.1711	3	274	517	30	2021.3
48	automatic detection	-0.4192	0.2322	3	90	141	10	2016.3
49	automation	-0.5957	-0.0592	1	170	246	21	2021.1905
50	autophagy	1.1558	-0.1021	2	150	232	11	2020.4545
51	b cell	1.2553	-0.1396	2	262	594	26	2021
52	bacterial community	0.3459	-0.1235	2	82	115	10	2019.9
53	bacterial species	0.3571	-0.1805	2	93	126	12	2019.5833
54	bar	-1.1007	0.0895	1	191	396	22	2021.2727
55	batch	-0.949	0.0289	1	90	120	11	2020.9091
56	battery	-1.0394	-0.1013	1	179	377	32	2021.0938
57	bayesian optimization	-0.969	-0.0752	1	150	246	21	2021.3333
58	beam	-1.0235	0.1085	1	227	523	34	2021.5882
59	behavior	-0.8172	-0.0322	1	592	2127	158	2020.8101
60	benchmark	-0.8883	-0.0818	1	140	206	15	2020.8
61	best accuracy	-0.7523	0.1029	1	150	210	14	2020.9286
62	best result	-0.7381	0.1427	1	162	237	19	2020.8947
63	big data	-0.7145	-0.0859	1	153	232	18	2021.5
64	bind	0.1084	-0.1975	3	144	201	19	2020.0526
65	binding affinity	-0.1686	-0.172	3	135	213	18	2020.9444
66	biocompatibility	-0.8812	-0.1848	1	113	175	13	2021.2308
67	bioinformatic	0.9076	-0.1729	2	266	466	25	2019.56
68	bioinformatic analysis	1.131	-0.1783	2	199	350	17	2021.5294
69	bioinformatics analysis	1.2167	-0.16	2	291	728	33	2021.7273
70	biological activity	-0.2971	-0.1314	1	126	164	17	2018.7059
71	biological function	0.7303	-0.154	2	307	581	27	2021.037
72	biological process	0.8857	-0.1567	2	364	805	44	2020.4091
73	biomarker	0.8845	-0.0243	2	702	5074	272	2020.6912
74	biomass	-0.8596	-0.0962	1	111	170	14	2021.5714
75	biomaterial	-0.4366	-0.1898	1	159	259	19	2020.5789
76	biopsy	0.7815	0.0842	2	349	891	53	2019.9811
77	bladder cancer	1.0724	0.0077	2	160	249	12	2019.5
78	blend	-1.0605	-0.1913	1	148	287	21	2021.2381
79	blood sample	0.6608	0.0294	2	398	974	57	2020.0702
80	blood test	0.1583	0.2105	3	223	442	23	2020.8696
81	bmi	0.5365	0.0149	2	135	212	13	2021.3846
82	bond strength	-1.1233	0.1757	1	137	292	16	2021.4375
83	bpnn	-1.1711	0.1496	1	110	172	11	2022.6364
84	brazil	0.0322	0.1997	3	124	191	13	2021.3077
85	breast cancer	0.8344	0.0718	2	262	561	36	2020.5833
86	broad range	-0.8218	-0.0688	1	178	271	18	2021.1667
87	c reactive protein	0.3543	0.3133	3	248	716	33	2021.3939
88	calculation	-0.8625	-0.1639	1	393	1097	85	2020.8118
89	cancer	0.9937	0.0044	2	594	3562	188	2020.7074
90	cancer cell	0.7188	-0.1549	2	242	464	28	2020.8929
91	cancer genome atlas	1.3574	0.0265	2	341	1347	50	2021.42
92	cancer patient	1.0009	0.0798	2	299	756	41	2021.1951
93	cancer type	0.924	-0.0171	2	181	295	18	2020.7222
94	candidate biomarker	1.2912	-0.1354	2	221	496	19	2020.7895
95	candidate gene	1.0666	-0.1576	2	199	328	19	2020.7368
96	capability	-0.6069	-0.0186	1	615	1727	122	2020.8443
97	carbon	-0.9777	-0.1215	1	192	310	24	2021.2917
98	carbon fiber	-1.1895	0.0419	1	232	739	54	2021.2778
99	carbon nanotube	-1.1513	-0.0236	1	156	293	22	2020.8636
100	cardiovascular disease	0.3866	0.0879	3	230	362	20	2021.5
101	care	0.1667	0.1791	3	368	938	58	2021
102	case control study	0.3671	0.118	3	141	235	15	2021.4667
103	case study	-0.8249	-0.0399	1	341	727	58	2020.8448
104	catalysis	-0.881	-0.2236	1	164	286	18	2020.7222
105	catalyst	-0.9476	-0.1746	1	189	381	32	2020.7812
106	cause	0.6315	-0.0465	2	497	1186	67	2020.4179
107	cd8 t cell	1.2537	-0.0867	2	180	302	12	2021
108	cell	0.6073	-0.1513	2	809	6060	368	2020.7772
109	cell cycle	1.0269	-0.1711	2	237	435	22	2019.8182
110	cell death	1.1939	-0.0573	2	260	581	23	2022.3043
111	cell line	0.8815	-0.1099	2	423	1223	76	2020.3553
112	cell proliferation	1.2329	-0.0688	2	205	394	19	2021.2632
113	cell type	0.4989	-0.195	2	283	526	32	2021.25
114	cfrp	-1.2041	0.0563	1	209	624	44	2021.1818
115	chain	-0.6212	-0.1269	1	420	931	70	2020.6
116	challenging task	-1.0434	-0.0141	1	121	166	14	2020.1429
117	characteristic curf	0.5221	0.0328	2	196	286	14	2020.5
118	characteristic curve	0.5187	0.1569	3	511	1511	88	2020.8409
119	charge	-0.9509	-0.1358	1	133	201	18	2021.5
120	chemical	-0.7458	-0.1806	1	310	658	52	2020.8462
121	chemical composition	-0.9202	-0.1378	1	140	227	18	2021.3333
122	chemical space	-1.0287	-0.1999	1	159	304	23	2020.2609
123	chemical structure	-0.973	-0.2115	1	204	412	28	2020.1429
124	chemistry	-0.9077	-0.1869	1	355	1065	79	2020.2911
125	chemotherapy	1.19	0.0474	2	312	883	38	2021.3684
126	chest	-0.0603	0.2569	3	208	507	28	2021.3571
127	chest ct	0.0705	0.2835	3	187	379	20	2021.4
128	chest x ray	-0.2349	0.2685	3	216	722	41	2021.5854
129	chest x ray image	-0.3146	0.2695	3	156	402	24	2021.5
130	child	0.4801	0.0545	3	319	653	52	2020.1154
131	chronic obstructive pulmonary disease	0.838	0.0661	2	157	219	11	2021.3636
132	cibersort	1.3487	-0.1818	2	251	802	27	2022.2593
133	cibersort algorithm	1.3427	-0.1404	2	183	384	14	2022.5
134	clinical	0.5031	0.2113	3	159	217	12	2021.4167
135	clinical characteristic	0.8499	0.091	2	271	474	24	2021.3333
136	clinical data	0.5073	0.2045	3	420	1014	50	2020.78
137	clinical diagnosis	0.4397	0.1335	3	254	406	21	2021.3333
138	clinical factor	0.6475	0.2172	3	146	228	14	2020.1429
139	clinical feature	0.8161	0.1623	2	313	620	31	2021
140	clinical information	0.984	0.1278	2	247	457	18	2021.6667
141	clinical management	0.7638	0.1538	3	147	199	13	2019.4615
142	clinical outcome	0.9063	0.0734	2	380	924	46	2020.2826
143	clinical practice	0.7497	0.1192	2	333	661	42	2021.2143
144	clinical sample	1.0467	-0.033	2	264	499	27	2020.8889
145	clinical significance	1.0138	0.0041	2	196	313	16	2020.625
146	clinical symptom	0.6374	0.1298	3	199	309	14	2021.4286
147	clinical variable	0.6715	0.2109	3	234	394	20	2021.4
148	clinician	0.2561	0.1694	3	378	776	44	2021.3182
149	cnn	-0.4695	0.1395	3	350	940	62	2021.6452
150	cnn model	-0.4509	0.1241	3	186	317	19	2021.7895
151	cnns	-0.3635	0.1952	3	147	255	15	2021.7333
152	co2	-1.0641	-0.1935	1	117	207	15	2021.4667
153	coating	-0.9499	-0.1056	1	203	362	26	2021.3077
154	code	-0.7492	0.0626	1	343	729	50	2020.58
155	coefficient	-0.9143	0.0914	1	534	1961	130	2021.4769
156	cohort	0.7782	0.099	2	697	4328	225	2021
157	color	-0.7651	-0.0203	1	150	207	16	2021.125
158	colorectal cancer	0.8753	0.0237	2	302	669	35	2021.4857
159	column	-1.1373	0.1516	1	166	429	25	2022.04
160	comorbidity	0.4174	0.2535	3	287	699	31	2021.129
161	comparative study	-0.6334	0.1624	1	200	303	18	2021.8889
162	compatibility	-0.6459	-0.1619	1	158	230	17	2020.8824
163	complex system	-0.8592	-0.1525	1	119	184	16	2019.5
164	complication	0.58	-0.0097	2	377	760	48	2020.0417
165	composite	-1.1525	0.0244	1	412	1784	122	2021.582
166	composite material	-1.1483	0.0408	1	207	473	32	2020.3438
167	comprehensive analysis	1.1571	-0.0037	2	248	424	20	2022.15
168	comprehensive database	-0.6839	0.1255	1	167	230	12	2021.3333
169	compressive strength	-1.1855	0.1744	1	250	1281	73	2022.0411
170	computation	-0.931	-0.1475	1	263	535	42	2020
171	computational cost	-1.0169	-0.0615	1	206	354	25	2020.6
172	computational method	-0.5518	-0.1627	1	227	408	36	2019.6111
173	computed tomography	-0.1144	0.2545	3	218	481	28	2021.1786
174	computer	-0.687	-0.0104	1	286	633	49	2019.2653
175	computer vision	-0.5662	0.0851	3	102	131	11	2020.4545
176	concept study	0.3807	0.048	2	125	156	11	2017.7273
177	concrete	-1.1812	0.164	1	243	974	55	2022.1818
178	concrete beam	-1.1107	0.1555	1	112	202	12	2022.4167
179	concrete structure	-1.148	0.1437	1	128	255	13	2021.6154
180	conductivity	-1.036	-0.0892	1	252	541	42	2021.4048
181	confidence interval	0.2797	0.1605	3	381	890	58	2020.6897
182	confidence interval ci	0.3174	0.2711	3	121	170	11	2020.4545
183	configuration	-0.9269	-0.0829	1	309	719	53	2021.0377
184	confusion matrix	-0.3579	0.1741	3	158	210	11	2021.3636
185	construction industry	-1.1005	0.1972	1	103	194	12	2021.75
186	content	-0.648	-0.004	1	469	1328	108	2021.0463
187	control group	0.6808	0.0203	2	322	629	32	2021.1875
188	control sample	0.916	-0.0932	2	202	310	14	2021
189	convolutional neural network	-0.4825	0.1238	3	453	1428	96	2021.5417
190	copolymer	-1.0276	-0.1605	1	266	633	47	2021.0426
191	copy	0.1773	-0.0163	3	97	142	13	2020.6923
192	core	-0.698	-0.1291	1	192	308	26	2021.4231
193	coronavirus	-0.1274	0.1981	3	268	736	47	2021.4681
194	coronavirus disease	0.096	0.2334	3	465	2040	116	2021.4483
195	correlation analysis	0.7844	-0.0751	2	410	959	42	2022.0952
196	correlation coefficient	-0.6319	0.0691	1	468	1067	67	2020.6716
197	cough	0.1428	0.1756	3	178	305	16	2021.5
198	country	-0.0987	0.1525	3	399	1069	74	2021.1081
199	coupling	-0.6459	-0.1906	1	176	279	20	2020.75
200	course	0.254	0.1332	3	314	578	37	2020.5405
201	covid	0.0628	0.1974	3	701	6307	407	2021.5553
202	crc	0.91	0.0321	2	286	661	36	2021.25
203	crc patient	0.943	0.0292	2	158	256	13	2021.8462
204	critical role	0.823	-0.1193	2	294	517	28	2020.9643
205	crp	0.3684	0.3031	3	143	238	12	2021.5
206	crucial role	0.4513	-0.1283	2	233	337	18	2021.0556
207	ct image	0.0526	0.2474	3	238	572	33	2021.3636
208	ct scan	-0.0337	0.2584	3	214	499	28	2021.7143
209	ct scan image	-0.2533	0.244	3	106	183	11	2021.4545
210	cuproptosis	1.4243	-0.035	2	167	312	12	2022.6667
211	current work	-0.6492	-0.0308	1	137	177	13	2020.5385
212	curve	0.4278	0.1013	3	769	3426	187	2021.2406
213	cxr	-0.1851	0.2911	3	172	438	23	2021.3478
214	cxr image	-0.2951	0.2954	3	96	200	10	2021.5
215	cytokine	0.8598	-0.0052	2	260	466	26	2021.5769
216	data mining	-0.679	-0.073	1	108	140	12	2018.5833
217	data point	-0.7627	0.0095	1	257	444	31	2021.1935
218	death	0.4153	0.179	3	516	1578	90	2021.1111
219	decade	-0.5124	-0.0727	1	435	874	63	2020.6825
220	december	-0.0033	0.2288	3	254	597	36	2021.4444
221	decision curve analysis	0.9156	0.1275	2	172	277	13	2022.1538
222	deep learning	-0.3842	0.1048	3	481	1377	104	2021.5481
223	deep learning method	-0.416	0.0117	1	151	216	15	2021.8667
224	deep learning model	-0.2378	0.1512	3	302	612	43	2021.3256
225	deep neural network	-0.6764	0.0691	1	328	607	39	2021.5385
226	defect	-0.7205	-0.1046	1	277	542	46	2020.7391
227	deformation	-1.1031	-0.0644	1	184	339	26	2021
228	deg	1.2976	-0.1582	2	407	2030	74	2021.7027
229	degs	1.3081	-0.1721	2	338	1281	46	2022.0435
230	delamination	-1.2038	0.0222	1	82	151	12	2021.0833
231	deletion	0.8527	-0.0092	2	173	292	24	2020.5417
232	demand	-0.7066	-0.0698	1	387	828	61	2021.1967
233	demographic	0.22	0.263	3	214	491	23	2021.2609
234	dendritic cell	1.3767	-0.1359	2	173	344	14	2021.7857
235	density	-0.7711	-0.112	1	482	1390	103	2021.2136
236	density functional theory	-1.0875	-0.1945	1	186	396	27	2020.2222
237	dependence	-0.7902	-0.1122	1	234	416	31	2020.1935
238	depth	-0.6655	0.0466	1	297	540	39	2021.2821
239	description	-0.7292	-0.1335	1	213	370	29	2020.2414
240	descriptor	-0.8524	-0.1675	1	404	1292	108	2020.1296
241	detection limit	-0.565	-0.0482	1	98	121	12	2021.5
242	determination	-0.8252	0.0568	1	510	1555	100	2021.14
243	developed model	-0.9158	0.1149	1	252	500	32	2021.375
244	deviation	-0.4446	0.0668	1	253	415	34	2021.1176
245	device	-0.7031	-0.0934	1	507	1536	121	2021.0992
246	dft	-0.9934	-0.2152	1	155	296	20	2021.05
247	diabete	0.6292	0.0605	2	217	363	18	2021.3333
248	diabetes	0.6866	-0.0222	2	148	213	11	2021.6364
249	diabetes mellitus	0.6851	-0.0282	2	169	248	13	2021.3846
250	diagnostic accuracy	0.5268	0.1316	3	210	349	21	2020.7619
251	diagnostic biomarker	1.223	-0.1141	2	310	896	36	2021.8056
252	diagnostic marker	1.3752	-0.1931	2	198	543	19	2021.8947
253	diagnostic model	1.0044	-0.0193	2	309	733	35	2021.8286
254	diagnostic performance	0.5322	0.1161	3	267	507	29	2021.3103
255	diagnostic tool	0.1106	0.1032	3	343	680	41	2019.9756
256	diagnostic value	1.3547	-0.0984	2	263	766	29	2021.9655
257	diameter	-0.8359	0.0427	1	296	546	37	2021.5946
258	diarrhea	0.4289	-0.0055	2	129	188	14	2021.4286
259	diet	0.3658	-0.1276	2	138	207	17	2019.8824
260	differential diagnosis	0.5686	0.1434	3	142	208	13	2019.8462
261	differential expression	1.0556	-0.0064	2	272	518	26	2020.3077
262	differential expression analysis	1.2591	-0.1057	2	183	304	14	2020.2857
263	differential gene expression	1.0556	-0.0975	2	138	190	11	2018.9091
264	differentially	1.2656	-0.115	2	334	1005	42	2021.1905
265	difficulty	-0.7671	-0.1323	1	243	410	34	2020.0588
266	diffusion	-0.783	-0.0921	1	160	232	16	2021.3125
267	dimension	-0.9947	-0.0484	1	248	443	31	2021.3226
268	discovery cohort	0.9219	0.0829	2	133	202	11	2021.9091
269	disease progression	0.6147	0.1133	3	261	425	23	2020.3478
270	disease severity	0.3835	0.1987	3	266	570	31	2020.9355
271	diverse set	-0.971	-0.1714	1	107	151	11	2020.3636
272	dna methylation	0.8279	-0.0459	2	281	551	33	2020.7576
273	dnn	-0.6511	0.1406	1	202	329	20	2021.65
274	downregulation	1.159	-0.1249	2	155	244	12	2021.3333
275	drug delivery	-0.7184	-0.2222	1	113	189	15	2021.3333
276	drug discovery	-0.3592	-0.1287	1	154	259	26	2020.6154
277	drug release	-0.9904	-0.126	1	116	211	15	2020.8667
278	drug resistance	0.3891	-0.0961	2	192	324	26	2017.6538
279	dysregulation	0.8416	-0.1034	2	273	509	28	2021.7143
280	early diagnosis	0.5293	0.0244	2	373	833	43	2021.6744
281	ease	-0.9323	-0.0775	1	139	213	14	2021.1429
282	ecm	0.4027	-0.1878	2	173	256	13	2021.5385
283	effective way	-0.7133	-0.0582	1	108	133	11	2021.4545
284	efficacy	0.443	-0.0479	2	629	1752	97	2021.1649
285	efficient method	-0.7614	0.049	1	147	185	14	2020.5714
286	elastic modulus	-1.195	0.0892	1	183	381	20	2022.1
287	electrode	-0.8892	-0.037	1	196	389	33	2020.5455
288	electron microscopy	-0.9275	-0.1064	1	198	414	30	2020.9333
289	electronic property	-1.098	-0.225	1	98	166	11	2020.8182
290	elm	-1.0073	0.1561	1	173	310	20	2020.6
291	elongation	-0.5975	-0.1184	1	146	210	19	2020.4737
292	emergency department	0.1844	0.2771	3	166	299	13	2020.9231
293	empirical model	-1.0904	0.1637	1	140	272	16	2021.0625
294	energy	-0.9447	-0.1465	1	439	1559	117	2021.1026
295	engineering	-0.871	-0.0577	1	407	949	69	2021.2029
296	enrichment	0.7607	-0.1446	2	363	734	42	2020.4048
297	enrichment analysis	1.2178	-0.1654	2	414	1774	70	2021.5571
298	ensemble machine	-0.6485	0.1086	1	141	182	13	2020.6154
299	ensemble method	-0.6099	0.1336	1	126	156	11	2020.4545
300	ensemble model	-0.6907	0.1721	1	123	161	11	2022
301	environmental condition	-0.6943	-0.0406	1	167	241	22	2018.5455
302	epidermal growth factor receptor	0.4962	0.2486	3	92	170	10	2021.1
303	equation	-1.057	0.0479	1	297	736	51	2020.7843
304	error	-0.8172	0.0701	1	592	2116	152	2020.5461
305	essential role	0.8528	-0.1281	2	197	279	15	2021.4667
306	ethanol	-0.5937	-0.0768	1	91	118	11	2021.5455
307	etiology	0.7793	0.0258	2	203	311	20	2019.65
308	evidence	0.5316	-0.0372	2	639	1970	128	2020.5391
309	example	-0.8121	-0.1121	1	455	1261	100	2019.92
310	excellent agreement	-0.848	0.1134	1	134	179	10	2021.6
311	experimental data	-1.0387	-0.024	1	420	1424	105	2020.8762
312	experimental database	-1.0925	0.1366	1	101	169	11	2021.9091
313	experimental dataset	-1.0519	0.0018	1	213	377	25	2020.88
314	experimental measurement	-1.1041	-0.133	1	128	195	15	2021.2667
315	experimental result	-0.7979	0.1248	1	438	1229	91	2020.7033
316	experimentation	-0.9596	-0.131	1	253	477	38	2020.5789
317	expert	-0.4333	0.0398	3	222	398	27	2020.6296
318	expression	1.0262	-0.094	2	707	6269	322	2020.9907
319	expression data	1.0976	-0.0248	2	252	500	23	2018.6087
320	expression level	1.1716	-0.0688	2	478	2096	90	2021.1333
321	expression pattern	1.0039	-0.0727	2	312	683	37	2019.973
322	expression profile	1.0967	-0.0544	2	371	1018	55	2020.3455
323	extension	-0.7537	-0.1296	1	154	208	18	2019.2222
324	external dataset	1	0.0525	2	223	375	18	2022.5556
325	external validation	0.5722	0.1405	3	375	822	40	2021.375
326	external validation cohort	0.6963	0.2302	3	137	202	10	2021.5
327	extracellular matrix	0.3339	-0.1832	2	167	266	15	2020.6
328	extreme gradient	-0.5634	0.1821	1	303	609	34	2021.8824
329	extreme gradient boosting	-0.5261	0.1628	1	240	405	24	2021.9167
330	extreme learning machine	-1.0008	0.1491	1	179	333	23	2020.7826
331	f1 score	-0.2208	0.1713	3	258	496	32	2021.4062
332	fabrication	-1.0118	-0.1196	1	282	637	45	2021.2222
333	failure mode	-1.2326	0.0979	1	100	180	14	2021.8571
334	false negative	-0.1593	0.1481	3	133	220	15	2019.7333
335	false positive	-0.2064	0.0728	3	110	159	13	2018.4615
336	favorable prognosis	1.1575	0.134	2	138	229	10	2021.6
337	feature extraction	-0.3628	0.1402	3	232	396	27	2021.963
338	feature importance	-0.6445	0.1777	1	209	325	18	2021.6667
339	feature importance analysis	-0.8185	0.066	1	123	171	11	2022
340	february	0.2044	0.2867	3	263	657	32	2021.3438
341	feed	-1.1161	0.0154	1	178	297	18	2020.3333
342	female	0.226	0.0978	3	221	399	27	2020.8889
343	ferroptosis	1.3717	-0.0746	2	168	291	11	2022.5455
344	fever	0.2662	0.2199	3	180	321	19	2020.7895
345	fiber	-1.1049	0.0943	1	412	1903	117	2021.5812
346	fibre	-1.0452	0.0211	1	129	206	16	2021.0625
347	fibroblast	1.1306	-0.0847	2	186	310	14	2021.6429
348	field	-0.7016	-0.0894	1	672	2726	216	2020.7963
349	filler	-1.1201	-0.0579	1	172	327	23	2021.6957
350	film	-0.9605	-0.1244	1	229	514	47	2020.6383
351	final model	0.4093	0.1647	3	128	164	11	2021.1818
352	finite element method	-1.2195	-0.0277	1	109	194	13	2021.3077
353	fit	-0.8807	-0.0108	1	130	189	15	2021.9333
354	flexibility	-0.9103	-0.0335	1	217	376	30	2019.7
355	flow cytometry	0.91	-0.0788	2	121	178	10	2019.5
356	fly ash	-1.1162	0.2104	1	173	534	30	2021.8667
357	force	-1.0058	-0.0798	1	281	597	46	2021.1304
358	formula	-0.6706	0.085	1	275	453	33	2021.5455
359	formulation	-0.9965	-0.0988	1	232	465	38	2020.9474
360	fourier	-0.8825	-0.0288	1	137	236	20	2021.15
361	frp	-1.1052	0.1619	1	272	1204	66	2021.9091
362	ftir	-0.8559	-0.0077	1	128	214	17	2020.6471
363	fuel cell	-0.9741	-0.0568	1	165	326	26	2021.8077
364	functional enrichment	1.3281	-0.0564	2	189	290	10	2022.6
365	functional enrichment analysis	1.3124	-0.1291	2	240	545	20	2021.85
366	functional group	-0.8492	-0.1744	1	188	294	22	2020.4545
367	functional material	-1.0756	-0.2079	1	126	201	14	2021.3571
368	functionality	-0.5155	-0.1785	1	238	399	31	2020.9355
369	funding	0.4451	0.0548	3	201	306	17	2021.4118
370	further investigation	0.6079	-0.0879	2	209	313	18	2021.5
371	further research	0.4532	-0.0715	2	233	331	15	2022
372	further study	0.3988	-0.0044	2	203	283	20	2020.55
373	gastric cancer	1.1657	-0.0745	2	126	194	11	2019.8182
374	gaussian process	-0.8584	-0.1054	1	114	165	14	2021.7143
375	gaussian process regression	-1.2025	0.0226	1	220	485	31	2021.4839
376	gender	0.5479	0.1526	3	286	548	30	2020.9
377	gene	0.9468	-0.0973	2	779	9793	555	2020.2613
378	gene expression	0.8062	-0.1381	2	498	1597	106	2019.3585
379	gene expression data	0.9586	-0.0819	2	210	369	20	2017.55
380	gene expression omnibus	1.3067	-0.1358	2	371	1537	56	2022.0893
381	gene expression omnibus database	1.414	-0.0563	2	176	348	13	2021.8462
382	gene expression profile	1.074	-0.0763	2	337	838	41	2019.2683
383	gene ontology	1.2447	-0.196	2	240	603	23	2021.5652
384	gene set enrichment analysis	1.3221	-0.1021	2	185	349	12	2021.8333
385	gene signature	1.18	-0.0025	2	357	1100	52	2020.0769
386	generation	-0.6437	-0.1346	1	394	866	67	2020.4478
387	genes	1.2263	-0.1924	2	315	886	37	2021.0811
388	genetic algorithm	-1.0206	0.023	1	287	613	44	2020.9091
389	genetic programming	-0.6902	0.1301	1	136	198	14	2018.7857
390	genomes	1.1901	-0.2229	2	221	512	19	2022
391	geo	1.3051	-0.117	2	398	1709	59	2022.2373
392	geo database	1.257	-0.1713	2	222	479	19	2021.5789
393	geo dataset	1.3297	-0.1326	2	184	340	15	2022.4
394	geochemical anomaly	-0.5065	-0.0274	1	62	116	12	2020.5833
395	geometry	-1.0423	-0.0469	1	241	477	39	2020.9231
396	geopolymer	-1.1285	0.1945	1	151	347	24	2021.9167
397	geopolymer concrete	-1.1543	0.1845	1	166	504	29	2022.0345
398	gep	-0.5615	0.1405	1	142	207	12	2019.25
399	gfrp	-1.1134	0.1124	1	138	254	16	2021.6875
400	glass fiber	-1.1283	0.1014	1	177	344	24	2021.4583
401	glass transition temperature	-1.1093	-0.1644	1	223	601	44	2020.6136
402	global pandemic	0.1663	0.1879	3	157	269	18	2021.1667
403	glucose	0.6699	0.0319	2	217	311	17	2021.2941
404	gold standard	-0.0153	0.1256	3	257	477	29	2020.3448
405	good agreement	-1.0503	-0.0608	1	208	379	27	2021.1481
406	gpc	-1.1495	0.1633	1	115	252	14	2022.1429
407	gpr	-1.1904	0.057	1	192	403	22	2021.6818
408	gpr model	-1.1921	0.0856	1	126	213	11	2021.6364
409	graphical	-0.4247	-0.0503	1	111	139	10	2021.7
410	ground	-0.9757	0.1881	1	98	148	11	2020.3636
411	gsea	1.2801	-0.1453	2	291	811	29	2022.2069
412	gut microbiome	0.4839	-0.0956	2	142	251	17	2021.7059
413	gut microbiota	0.5109	-0.1116	2	138	295	23	2020.913
414	hazard ratio	1.038	0.113	2	164	261	13	2020.7692
415	hcc	1.2	0.0151	2	217	472	24	2021.625
416	hcv	-0.1837	-0.0954	3	99	129	12	2016.0833
417	head	0.9342	0.0278	2	183	282	15	2019.8667
418	healthcare system	-0.0557	0.2545	3	182	348	18	2021.5556
419	healthy control	0.716	-0.0095	2	398	1081	64	2021.1406
420	healthy subject	0.5132	-0.0435	2	208	350	22	2020.5
421	heat	-1.0803	-0.117	1	184	328	22	2021.0455
422	hepatocellular carcinoma	1.1943	0.014	2	234	525	27	2021.3333
423	hidden layer	-1.2221	0.0954	1	116	196	12	2021.1667
424	high cost	-0.4139	0.0588	3	125	175	12	2020.5833
425	high efficiency	-1.1066	-0.1311	1	119	155	10	2020.4
426	high expression	1.126	-0.0331	2	204	356	14	2021.2143
427	high level	0.4123	-0.0835	2	255	418	26	2020.9231
428	high mortality	0.9975	0.0094	2	130	174	10	2021.9
429	high mortality rate	0.6742	0.078	2	133	177	10	2021
430	high performance	-0.8507	-0.0011	1	201	289	21	2021.0476
431	high rate	0.6568	0.098	2	174	216	12	2021.0833
432	high risk	0.8013	0.1413	2	365	775	37	2021.3243
433	high risk group	1.4043	0.0238	2	264	885	32	2021.7812
434	high risk patient	0.9846	0.1547	2	228	427	17	2020.8235
435	high temperature	-1.0866	-0.0583	1	110	163	12	2021.6667
436	high throughput	-0.5901	-0.1624	1	158	214	18	2020.4444
437	high throughput screening	-0.8134	-0.2033	1	129	187	14	2020
438	higher accuracy	-0.772	0.046	1	219	346	24	2021.5833
439	higher level	0.7559	0.0658	2	170	256	12	2021.6667
440	higher risk	0.6433	0.1723	3	148	204	12	2020.4167
441	history	-0.0465	0.1171	3	357	777	49	2020.4898
442	hospital	0.34	0.2356	3	550	2370	131	2021.229
443	hospital admission	0.29	0.3111	3	171	382	19	2021.5263
444	hospital mortality	0.3845	0.3137	3	117	196	10	2021.4
445	hospitalization	0.4169	0.2506	3	248	546	31	2021.6774
446	hour	-0.0332	0.1159	3	293	505	28	2020.75
447	hpv	0.8031	0.0943	2	118	162	11	2021.7273
448	hub gene	1.2882	-0.1581	2	341	1135	41	2022.0976
449	human immunodeficiency virus	-0.0578	-0.106	3	72	111	12	2017.3333
450	hybrid model	-0.7243	0.0943	1	193	298	19	2021.7368
451	hyperparameter	-0.7772	0.1527	1	245	434	25	2022.12
452	hypertension	0.4776	0.0472	3	176	261	15	2020.8667
453	i e	-0.5621	-0.0056	1	352	610	43	2021.0233
454	icu	0.3124	0.3135	3	245	605	29	2021.3793
455	icu admission	0.2733	0.326	3	141	276	13	2021.1538
456	ifn	0.9744	-0.085	2	148	211	12	2020.8333
457	illness	0.2333	0.1243	3	300	573	31	2020.9032
458	image	-0.4306	0.1012	3	611	2711	198	2020.9293
459	immune cell	1.2637	-0.1383	2	425	2101	81	2022.0617
460	immune cell infiltration	1.3923	-0.0942	2	317	1093	38	2022.1053
461	immune cell infiltration analysis	1.482	-0.1674	2	192	539	16	2022.125
462	immune checkpoint	1.33	0.02	2	231	518	17	2022.4706
463	immune infiltration	1.3828	-0.0893	2	339	1258	43	2022.3488
464	immune infiltration analysis	1.4001	-0.1653	2	166	352	11	2022.3636
465	immune landscape	1.3472	-0.0485	2	204	390	15	2022.4
466	immune microenvironment	1.3754	-0.0492	2	345	1174	42	2022.1667
467	immune response	0.9064	-0.0547	2	432	1413	76	2021.3289
468	immune status	1.2401	-0.0044	2	164	289	12	2021.25
469	immune system	1.0602	-0.156	2	229	402	18	2020.9444
470	immunity	1.0422	-0.059	2	367	887	45	2021.4222
471	immunohistochemistry	1.1169	-0.0536	2	340	843	38	2021
472	immunotherapy	1.2867	0.0108	2	384	1520	63	2021.8254
473	immunotherapy response	1.3772	0.0007	2	235	609	25	2022.08
474	implementation	-0.6034	-0.0034	1	449	1069	82	2020.6707
475	important parameter	-0.9585	-0.0459	1	111	141	10	2020.5
476	important predictor	0.1834	0.15	3	131	184	14	2020.2143
477	important role	0.4803	-0.1086	2	548	1442	84	2020.9048
478	incidence	0.5999	-0.0022	2	347	652	37	2021.1892
479	independent cohort	0.859	0.1073	2	365	802	38	2020.8158
480	independent dataset	0.6818	0.0267	2	221	360	19	2020.7368
481	independent predictor	0.96	0.1035	2	178	275	11	2021.5455
482	independent prognostic factor	1.4035	0.0219	2	150	275	10	2022.3
483	independent set	0.5003	0.0673	3	123	168	10	2018.1
484	independent validation	0.6239	0.1313	2	118	160	10	2019.5
485	india	0.0988	0.0918	3	153	217	16	2020.4375
486	individual patient	0.8873	0.1784	2	156	222	12	2020.9167
487	induction	0.7275	-0.1747	2	197	324	22	2019.6364
488	industrial application	-0.9712	-0.0967	1	126	199	16	2021.1875
489	industry	-0.9207	0.0023	1	412	1043	75	2020.5867
490	infected patient	-0.033	0.1858	3	167	281	17	2019.8235
491	infiltrating immune cell	1.4255	-0.1081	2	218	489	18	2021.8889
492	infiltration	1.2409	-0.053	2	382	1258	51	2021.9412
493	inflammation	0.8632	-0.1177	2	406	1147	61	2020.8525
494	inflammatory	0.6968	-0.1574	2	215	374	21	2021.2381
495	inflammatory response	0.8365	-0.1833	2	231	429	21	2021.619
496	influence	-0.6774	-0.0016	1	570	1647	114	2021.5088
497	informatic	-0.8138	-0.2276	1	75	121	14	2020.5714
498	inhibition	0.317	-0.1549	2	347	630	45	2020.1333
499	input	-0.6754	0.0231	1	628	1993	138	2021.0072
500	input data	-0.6063	0.0481	1	171	230	15	2020.9333
501	input feature	-0.8951	0.1662	1	189	302	20	2020.7
502	input parameter	-1.2038	0.1039	1	230	614	33	2021.9697
503	input variable	-0.9822	0.1466	1	251	572	34	2021.2059
504	instance	-0.6398	0.059	1	224	329	25	2020.92
505	integrative analysis	1.0344	-0.0634	2	158	224	12	2020.9167
506	intensive care unit	0.2445	0.2885	3	255	629	31	2021.1935
507	interface	-0.9081	-0.0838	1	412	1158	95	2020.5263
508	invasion	1.1702	-0.0499	2	277	598	27	2021.2593
509	ion	-0.5556	-0.1115	1	288	516	39	2019.641
510	italy	0.1654	0.2719	3	145	243	14	2020.5714
511	january	0.2667	0.2891	3	243	568	28	2021.3929
512	july	0.1675	0.2481	3	135	208	15	2021.4667
513	june	0.2006	0.2089	3	201	345	20	2021.05
514	kappa	-0.1869	0.1509	3	139	173	10	2020.9
515	kegg	1.2802	-0.2085	2	256	693	24	2021.9167
516	key factor	-0.7628	0.1201	1	145	199	14	2021.5
517	key gene	1.1645	-0.1129	2	309	742	30	2021.5667
518	knockdown	1.252	-0.1027	2	175	327	14	2020.8571
519	kyoto encyclopedia	1.237	-0.2208	2	218	528	18	2021.9444
520	laboratory data	0.289	0.2693	3	174	294	15	2021.1333
521	laboratory test	-0.043	0.248	3	223	416	23	2021.3043
522	lactate dehydrogenase	0.3736	0.3423	3	118	243	11	2021.3636
523	large amount	-0.5589	0.0031	1	234	355	28	2020.1071
524	laser	-0.7881	0.0303	1	132	199	22	2020.5455
525	lasso	1.0789	-0.0075	2	525	2109	81	2021.8519
526	lasso regression	0.6591	-0.0088	2	216	333	15	2022.4
527	layer	-0.7513	-0.0118	1	520	1612	116	2021.1466
528	learning	-0.3501	-0.0409	1	1070	16227	1182	2021.0651
529	lesion	0.4956	0.1099	3	321	563	34	2019.8235
530	leverage	-0.7283	-0.1465	1	100	140	12	2021.0833
531	library	-0.6646	-0.1867	1	387	975	82	2020.1585
532	limit	-0.6132	-0.0147	1	318	575	45	2021.1111
533	linear	-0.7609	0.0512	1	275	485	33	2021.0606
534	linear regression	-0.9719	0.086	1	241	478	31	2021.4194
535	literature	-0.5692	0.0487	1	652	2111	138	2020.9493
536	liver	0.6523	-0.1016	2	202	293	16	2019.5
537	lncrna	1.2384	-0.0099	2	306	857	40	2021.35
538	lncrnas	1.3007	0.0147	2	228	533	24	2021.125
539	loci	0.5776	-0.0611	2	223	374	29	2020.1724
540	logistic regression model	0.5995	0.1966	3	301	608	32	2021.2812
541	long non coding rna	1.1822	0.0114	2	133	209	12	2020.0833
542	lot	-0.5267	0.0637	1	174	273	19	2020.6842
543	low cost	-0.6532	-0.0229	1	237	393	28	2021
544	low risk	1.0483	0.0725	2	153	228	10	2020.7
545	low risk group	1.4316	0.0196	2	251	809	28	2021.9286
546	lstm	-0.6643	0.1113	1	149	221	16	2021.5
547	luad	1.3642	0.0264	2	249	668	24	2021.75
548	luad patient	1.3817	0.013	2	217	504	17	2021.6471
549	lung	0.4366	0.1165	3	382	897	44	2020.6136
550	lung adenocarcinoma	1.2023	0.0805	2	295	796	33	2021.6061
551	lung cancer	1.083	0.0869	2	274	590	27	2019.963
552	lymphocyte	0.842	0.1354	2	331	708	34	2021.3824
553	m6a	1.3453	-0.0944	2	158	268	12	2022
554	m6a modification	1.2975	-0.0633	2	147	237	10	2021.9
555	machine learning prediction	-0.7472	-0.1286	1	125	161	11	2021.4545
556	macromolecule	-1.0065	-0.1804	1	128	207	16	2021.0625
557	macrophage	1.1446	-0.1557	2	390	1283	55	2021.5818
558	mae	-0.9701	0.1586	1	317	949	51	2021.8824
559	magnitude	-0.5873	-0.0368	1	279	464	41	2020.6585
560	main objective	-0.5285	0.2066	3	155	197	14	2021.7143
561	male	0.342	0.132	3	230	413	26	2020.8077
562	malignancy	1.0623	0.0261	2	337	825	42	2021.119
563	man	0.4548	0.1667	3	241	424	21	2021.2381
564	manufacturing	-1.0881	-0.0731	1	184	368	31	2020.4516
565	mape	-1.1044	0.1255	1	145	256	14	2021.8571
566	march	0.2341	0.2766	3	299	843	44	2021.0455
567	marker	0.7331	-0.0265	2	679	3271	194	2020.7423
568	material property	-1.0763	-0.0508	1	307	784	52	2021.1154
569	materials design	-1.1151	-0.1748	1	134	239	16	2020.6875
570	materials informatic	-1.0535	-0.1746	1	111	150	11	2021.2727
571	materials science	-1.0014	-0.1696	1	132	215	15	2020.0667
572	maximum	-0.6122	0.0387	1	210	285	18	2021.2778
573	may	0.1955	0.2692	3	203	469	26	2021.2692
574	md simulation	-0.9162	-0.2101	1	162	317	21	2020.7143
575	mean absolute error	-0.9453	0.09	1	267	542	33	2021.6061
576	mean accuracy	-0.411	0.1135	3	105	134	10	2021.5
577	mean squared error	-1.144	0.104	1	186	370	21	2020.9048
578	mechanic	-1.1147	0.0341	1	162	284	20	2021.4
579	mechanical behavior	-1.0098	-0.0343	1	137	191	12	2021.1667
580	mechanical performance	-1.1628	0.0259	1	125	189	12	2022
581	mechanical property	-1.0979	-0.0121	1	413	1535	101	2021.3366
582	median	0.2471	0.171	3	173	268	16	2021
583	median age	0.394	0.3149	3	124	220	12	2020.8333
584	mediaobject	0.3285	-0.1177	2	115	173	14	2021.5714
585	medication	0.4711	0.0839	3	234	328	21	2020.8571
586	melanoma	1.0084	-0.0032	2	198	399	24	2020.3333
587	membrane	-0.6548	-0.1577	1	409	1009	75	2021.64
588	memory	0.2826	-0.0744	2	351	698	37	2021.4595
589	merit	-0.7893	0.0039	1	140	174	12	2020.9167
590	metabolism	0.8507	-0.1416	2	444	1258	75	2020.8133
591	metabolite	0.3475	-0.0937	2	284	509	37	2021
592	metal	-0.8109	-0.1503	1	204	374	31	2021.0968
593	metal organic framework	-1.0519	-0.1781	1	187	483	33	2020.6667
594	metastasis	1.0469	-0.0277	2	313	862	44	2019.6818
595	methylation	1.0509	-0.0116	2	259	546	31	2021.0645
596	microarray	0.6482	-0.1318	2	281	560	40	2016.95
597	microarray data	0.5119	-0.1263	2	138	211	14	2014.8571
598	microbe	0.087	-0.1209	2	150	263	25	2020.44
599	microbial community	0.0769	-0.1107	2	150	254	27	2019.4815
600	microbiome	0.3514	-0.1012	2	238	550	46	2020.9348
601	microbiota	0.5417	-0.0945	2	190	436	36	2020.4444
602	microplastic	-0.8324	0.0031	1	135	262	27	2021.6296
603	microrna	0.7884	-0.0453	2	344	974	55	2019.7455
604	micrornas	0.6954	-0.0707	2	148	267	15	2019.3333
605	microstructure	-1.0941	-0.0876	1	241	548	39	2021
606	migration	0.7831	-0.1361	2	316	627	34	2020.9706
607	million	-0.295	0.1034	3	247	426	29	2021
608	mineral exploration	-0.5518	-0.0486	1	64	117	11	2020.3636
609	mineralization	-0.5092	-0.0447	1	81	159	17	2020.7647
610	mir	0.7479	-0.0706	2	396	1116	63	2020.0476
611	mirna	0.9345	-0.0807	2	451	1687	88	2020.3409
612	mirnas	0.9541	-0.1351	2	260	616	35	2020.2571
613	mixture	-0.771	-0.0261	1	383	863	69	2020.2029
614	ml algorithm	-0.4842	0.1454	1	391	873	55	2021.7091
615	ml approach	-0.7709	0.0777	1	243	417	28	2021.2857
616	ml method	-0.6721	0.0497	1	221	346	23	2021.0435
617	ml model	-0.7668	-0.0179	1	571	1872	114	2021.693
618	ml prediction	-1.0981	-0.1902	1	113	155	10	2021.6
619	ml technique	-0.8356	0.0904	1	244	418	23	2021.7826
620	mlp	-0.7311	0.1645	1	188	298	18	2021.2778
621	mlr	-1.0096	0.0812	1	177	305	18	2020.9444
622	model prediction	-0.5715	0.1053	1	263	385	23	2020.087
623	modeling	-0.6361	-0.0541	1	652	2132	155	2020.471
624	module	0.6969	-0.1166	2	491	1391	75	2021.1067
625	modulus	-1.1349	-0.0253	1	262	622	41	2021.5854
626	mof	-1.0611	-0.1957	1	147	355	23	2020.6522
627	mofs	-1.0711	-0.2102	1	109	228	15	2020.7333
628	molecular descriptor	-0.8275	-0.1888	1	184	339	25	2019.92
629	molecular docking	0.1858	-0.1719	3	200	335	23	2020.9565
630	molecular dynamic	-0.9111	-0.2052	1	284	750	50	2020.8
631	molecular dynamics simulation	-0.8597	-0.1933	1	299	730	55	2021.0909
632	molecular feature	0.3501	-0.1618	2	170	227	14	2021.3571
633	molecular mechanism	0.8583	-0.1737	2	396	985	46	2020.5435
634	molecular signature	0.9467	0.0323	2	179	283	18	2020.6667
635	molecular simulation	-1.105	-0.1935	1	156	311	21	2020.5714
636	molecular structure	-0.9496	-0.2084	1	173	287	23	2020.5652
637	molecular subtype	1.2745	-0.0015	2	216	404	19	2021.7368
638	molecular weight	-1.1053	-0.1425	1	207	449	34	2020.5294
639	monocyte	0.9805	-0.0486	2	318	763	33	2021.4545
640	monomer	-0.9681	-0.1822	1	265	714	58	2021.2069
641	monte carlo simulation	-1.1163	-0.1044	1	128	208	15	2021.1333
642	month	0.4123	0.1044	3	429	1094	69	2020.6957
643	morbidity	0.5938	0.0381	2	337	577	31	2020.6129
644	morphology	-0.6851	-0.1601	1	410	991	74	2020.7568
645	mortality	0.5554	0.1618	3	512	1671	87	2021.1149
646	mortality rate	0.4554	0.1759	3	181	257	15	2021.7333
647	mouse	0.7548	-0.1959	2	341	846	60	2020.2833
648	mouse model	1.0841	-0.1543	2	220	420	23	2021
649	mpa	-1.1374	0.1124	1	186	406	23	2022.0435
650	mrna	0.9309	-0.1504	2	425	1234	70	2020.4571
651	mrna expression	1.0646	-0.1069	2	235	420	19	2020.4211
652	mse	-1.0778	0.1235	1	168	315	19	2021.2632
653	msi	0.6646	0.0315	2	138	197	11	2021.6364
654	multilayer perceptron	-0.6305	0.1663	1	192	277	19	2021.4737
655	multiple linear regression	-1.0717	0.0472	1	160	274	19	2021
656	multivariate cox regression analysis	1.2922	0.0809	2	190	358	11	2021.7273
657	nanomaterial	-0.9036	-0.1408	1	152	234	18	2021.1111
658	nanoparticle	-0.8272	-0.1224	1	342	808	54	2021.1296
659	nature	-0.5907	-0.0715	1	472	1196	92	2021.2065
660	necessity	-0.4396	0.1401	3	155	206	14	2021.1429
661	negative predictive value	0.2067	0.2195	3	227	443	22	2021
662	neural network	-0.8148	0.0529	1	609	2259	175	2020.5943
663	neural network model	-0.7061	0.097	1	345	634	41	2021.1463
664	neutrophil	1.0122	-0.0242	2	314	746	31	2021.5161
665	new insight	0.8008	-0.1915	2	315	663	31	2021.3226
666	new material	-1.076	-0.1737	1	187	373	25	2020.48
667	new perspective	0.3101	-0.0826	2	194	244	12	2022.1667
668	new polymer	-1.0409	-0.2222	1	127	197	14	2020.1429
669	next	0.8929	-0.1312	2	272	508	21	2022.2381
670	next generation	-0.7308	-0.1716	1	102	144	12	2021.3333
671	nf b	0.9311	-0.203	2	137	208	11	2021.1818
672	nir	-0.9013	-0.0071	1	96	152	13	2021.3077
673	noise	-0.5444	0.0128	1	215	365	35	2019.5714
674	noise ratio	-0.4474	-0.0711	1	98	139	12	2019.0833
675	nomogram	1.2083	0.0791	2	374	1226	46	2021.9565
676	non covid	0.0133	0.2015	3	128	202	12	2021.4167
677	non small cell lung cancer	1.0408	0.1108	2	198	327	15	2021.4
678	nonlinear relationship	-1.161	0.1071	1	104	164	12	2021.8333
679	normal sample	1.3327	-0.1523	2	182	373	15	2022.1333
680	normal tissue	1.2484	0.0087	2	285	634	27	2020.7037
681	novel biomarker	1.3074	-0.0503	2	169	292	13	2021.1538
682	novel insight	0.7639	-0.0496	2	196	280	18	2020.7222
683	novelty	-0.9489	0.0161	1	133	193	12	2021.3333
684	november	0.174	0.2132	3	108	157	12	2021.6667
685	npv	0.1503	0.2106	3	174	334	16	2021
686	nsclc	0.9936	0.1324	2	196	340	15	2021.2667
687	numerical simulation	-1.1005	0.0306	1	137	247	20	2021
688	obesity	0.6182	0.1333	3	159	270	16	2021.0625
689	object	-0.7921	-0.0903	1	142	221	21	2019.8095
690	occurrence	0.4795	-0.0689	2	415	903	53	2020.9434
691	october	0.287	0.2797	3	114	173	11	2021.3636
692	odds ratio	0.35	0.2338	3	188	331	19	2020.9474
693	oil	-0.9334	-0.0469	1	164	268	20	2021.1
694	onset	0.7455	0.0181	2	280	497	31	2021.3871
695	operating condition	-1.1239	-0.0741	1	151	232	17	2020.4118
696	optimization	-0.8033	-0.0488	1	588	2046	159	2020.8742
697	opv	-1.1386	-0.2358	1	91	185	13	2020.5385
698	organ	0.5242	-0.1221	2	200	295	17	2021.2941
699	organic photovoltaic	-1.1268	-0.2395	1	124	233	15	2020.6
700	organic solar cell	-1.1788	-0.2264	1	99	192	13	2021.3846
701	orientation	-1.0892	-0.0696	1	240	536	37	2021.5405
702	outbreak	-0.0133	0.1776	3	362	970	69	2021.0725
703	output	-0.8991	0.0453	1	473	1274	91	2020.978
704	ovarian cancer	0.9713	0.056	2	138	232	15	2021.1333
705	overall survival	1.2749	0.0438	2	362	1393	55	2021.5091
706	oxidative stress	0.8585	-0.1958	2	174	266	14	2020.2857
707	p value	0.5184	0.1288	3	296	545	30	2020.8667
708	package	0.7082	-0.153	2	408	926	45	2021.1556
709	pandemic	0.0021	0.1588	3	510	1893	132	2021.5682
710	panel	0.6185	0.0313	2	447	1243	85	2020.2941
711	paper	-0.7439	0.1026	1	736	3987	308	2020.487
712	parameter	-0.6577	0.0385	1	904	6215	440	2021.0318
713	parametric study	-1.174	0.1155	1	114	178	11	2021.5455
714	participant	0.3283	0.1286	3	367	878	56	2020.625
715	particle	-0.8634	-0.0572	1	353	933	80	2020.725
716	particle size	-0.9656	-0.0093	1	114	167	15	2019.8
717	particle swarm optimization	-1.1475	-0.009	1	121	177	11	2021.8182
718	pathogenesis	1.0898	-0.1358	2	452	1976	93	2021.129
719	pathology	0.6923	-0.0615	2	341	639	39	2021
720	pathway	0.7653	-0.145	2	729	4747	259	2020.8842
721	pathway analysis	0.8965	-0.1024	2	231	369	21	2020.7619
722	patient	0.6667	0.1009	2	881	14616	826	2020.954
723	patients	0.9699	0.1505	2	311	605	27	2021.4074
724	pattern recognition	-0.6634	0.0146	1	120	164	14	2020.0714
725	pbmc	0.9374	-0.14	2	132	205	11	2021
726	pce	-1.1588	-0.242	1	101	224	15	2021.4
727	pcr test	-0	0.213	3	186	334	21	2021.2381
728	pd l1	1.2756	0.0248	2	168	279	12	2021.5
729	percent	-0.6809	0.1748	1	170	229	13	2021.3846
730	peripheral blood	0.882	-0.0045	2	212	361	17	2019.8235
731	peripheral blood mononuclear cell	0.8922	-0.1177	2	146	237	13	2021
732	phase transition	-1.0174	-0.1566	1	101	147	11	2020.2727
733	phenomenon	-0.7307	-0.0725	1	178	250	18	2020.7222
734	phenotype	0.6074	-0.073	2	508	1458	102	2020.1275
735	physical property	-1.0949	-0.1453	1	197	358	25	2021.36
736	physician	0.3031	0.2506	3	209	349	21	2021.381
737	physicochemical property	-0.6682	-0.1671	1	136	217	17	2020.6471
738	physics	-1.0493	-0.1153	1	267	637	47	2021.6596
739	pilot study	0.5213	0.0514	3	155	226	16	2020.875
740	place	-0.7412	-0.0412	1	212	297	19	2021.5789
741	plasma	0.3908	-0.0396	2	316	663	43	2020.6744
742	plasma sample	0.8057	0.0144	2	176	315	18	2021.1111
743	plastic	-0.9471	-0.0459	1	214	452	38	2021.5263
744	platelet	0.2602	0.1961	3	207	328	15	2020.5333
745	pmma	-0.8321	0.0709	1	116	160	11	2020.8182
746	pneumonia	0.0541	0.2512	3	341	1112	62	2021.1452
747	polarization	-0.381	-0.1949	1	148	189	13	2021.7692
748	poly	-0.6078	-0.1208	1	432	1148	89	2020.9326
749	polyamide	-0.955	-0.0894	1	170	246	15	2021.2
750	polyethylene	-0.9455	-0.0068	1	168	284	21	2021
751	polymer	-1.0297	-0.0587	1	642	8130	642	2020.9626
752	polymer blend	-1.0655	-0.1204	1	101	163	13	2020.8462
753	polymer chain	-1.1137	-0.1381	1	143	231	15	2020.6667
754	polymer composite	-1.1789	0.0069	1	232	580	41	2021.6341
755	polymer informatic	-1.1259	-0.182	1	99	170	14	2020.8571
756	polymer material	-0.9222	-0.1272	1	192	332	27	2021.9259
757	polymer matrix	-1.1593	-0.0726	1	152	237	17	2021.2941
758	polymer membrane	-1.0562	-0.2135	1	131	213	14	2022
759	polymer nanocomposite	-1.1489	-0.0766	1	139	223	17	2021.1765
760	polymer property	-1.0623	-0.1748	1	156	312	23	2020.1739
761	polymerase chain reaction	-0.0134	0.1313	3	469	1315	96	2020.4479
762	polymeric material	-0.9794	-0.1389	1	232	494	39	2020.9231
763	polymerization	-0.8473	-0.147	1	311	769	68	2020.8824
764	polymers	-1.0731	-0.1226	1	265	652	48	2021.3125
765	polymethyl methacrylate	-0.8727	0.058	1	126	179	13	2021.9231
766	polypropylene	-0.9863	0.0201	1	157	299	23	2021.5652
767	polystyrene	-0.9559	-0.0022	1	130	220	16	2021.625
768	poor prognosis	1.1716	0.0394	2	340	943	40	2021.45
769	porosity	-1.1304	-0.0959	1	163	333	21	2021.5238
770	positive case	0.1297	0.1787	3	157	241	15	2020.3333
771	positive patient	0.2131	0.1887	3	229	436	24	2021.0833
772	positive predictive value	0.3161	0.2131	3	207	377	18	2020.6667
773	post	0.6518	-0.0712	2	153	193	12	2018.8333
774	potential biomarker	1.0804	-0.1212	2	383	1128	51	2021.4706
775	potential diagnostic biomarker	1.3256	-0.0904	2	163	271	11	2021.6364
776	potential mechanism	1.109	-0.0434	2	169	250	13	2021.1538
777	potential role	1.0833	-0.0776	2	235	389	17	2021.8235
778	potential target	0.9787	-0.1262	2	208	363	21	2021.381
779	potential therapeutic target	1.3009	-0.1173	2	204	387	16	2021.5
780	power conversion efficiency	-1.1507	-0.2363	1	127	296	20	2020.9
781	ppi	1.2081	-0.2127	2	226	538	21	2020.4762
782	ppv	0.1475	0.2014	3	154	234	11	2020.3636
783	practical application	-0.9773	-0.1518	1	215	338	21	2022.1905
784	precision medicine	0.8564	0.0306	2	161	239	14	2021.2857
785	prediction accuracy	-0.6695	0.0403	1	475	1263	96	2020.5625
786	prediction performance	-0.5982	0.0983	1	334	615	41	2020.3171
787	predictive biomarker	1.0355	0.0621	2	253	491	24	2021.8333
788	predictive machine learning model	-0.5513	-0.0324	1	96	113	10	2020.1
789	predictive value	0.8623	0.0983	2	268	447	24	2021.125
790	pregnancy	0.6341	-0.0226	2	150	244	18	2020.6667
791	present work	-0.7816	0.0214	1	242	396	30	2021.0333
792	presentation	0.476	0.1349	3	306	520	31	2020.7419
793	pressure	-0.711	0.0082	1	368	840	68	2020.4853
794	prevalence	0.3954	0.0764	3	335	657	47	2020.1915
795	prevotella	0.638	-0.1184	2	110	192	14	2021.5
796	primary tumor	0.9188	0.131	2	145	213	13	2020.7692
797	principle	-0.7061	-0.1681	1	307	580	46	2020.5435
798	prior knowledge	-0.8187	-0.0708	1	107	135	13	2019.7692
799	problem	-0.7517	0.0256	1	671	2848	216	2020.5556
800	process parameter	-1.0973	-0.0342	1	195	397	29	2021.2414
801	product	-0.5845	-0.0981	1	442	1076	91	2020.4615
802	profiling	0.6065	-0.0549	2	476	1367	100	2019.45
803	prognosis	1.0805	0.0751	2	632	4240	187	2021.369
804	prognostic biomarker	1.3027	-0.031	2	271	605	25	2021.16
805	prognostic model	1.2072	0.0758	2	315	871	35	2022.0286
806	prognostic signature	1.3842	0.0346	2	249	681	25	2021.36
807	prognostic significance	1.1534	0.0785	2	188	308	12	2022
808	prognostic value	1.2121	0.0695	2	335	990	39	2021.6667
809	progression	1.1104	-0.0699	2	536	2402	108	2020.8056
810	proliferation	0.9378	-0.0792	2	351	820	41	2020.2195
811	promising candidate	-0.9053	-0.1343	1	99	117	10	2021.4
812	promising result	-0.3033	0.1811	3	130	197	12	2021.8333
813	property	-0.9108	-0.1215	1	717	5651	430	2020.9372
814	proposed approach	-0.8007	0.07	1	118	144	10	2021.5
815	proposed method	-0.6742	0.1467	1	186	285	22	2019.4091
816	proposed model	-0.7189	0.2115	1	166	242	15	2021.2667
817	protease	-0.1206	-0.1234	3	136	255	22	2016.9545
818	protein level	1.1249	-0.0027	2	200	340	15	2020.4
819	protein protein interaction	0.9552	-0.2277	2	195	346	17	2018.4706
820	pso	-1.1547	0.008	1	123	193	11	2022
821	public database	0.7771	-0.0052	2	243	383	18	2020.7222
822	public health	-0.1806	0.0488	3	157	222	17	2021.1765
823	pvc	-0.9255	0.0298	1	95	153	11	2021.0909
824	pyroptosis	1.3238	-0.1501	2	173	273	11	2022.0909
825	python	-0.7795	-0.0571	1	139	192	15	2020.8
826	qpcr	0.739	-0.0685	2	396	964	64	2019.8594
827	qrt	1.2852	-0.1315	2	256	584	24	2021.6667
828	qrt pcr	1.2446	-0.0897	2	408	1679	69	2021.3043
829	qspr	-1.1574	-0.1332	1	143	264	16	2018.5
830	quantitative polymerase chain reaction	0.7227	0.0111	2	228	392	23	2020.2174
831	quantitative real time pcr	1.2077	-0.0739	2	260	468	19	2020.9474
832	quantitative real time polymerase chain reaction	1.1728	-0.0263	2	244	539	23	2021.2174
833	quantitative reverse transcription polymerase chain reaction	1.1154	-0.114	2	194	349	15	2020.8667
834	quantitative structure property relationship	-1.1649	-0.1531	1	124	216	13	2019.6154
835	quantity	-0.756	-0.0493	1	328	587	41	2020.9024
836	radiologist	-0.0757	0.2828	3	176	438	25	2021.36
837	radiomic	0.4369	0.2794	3	160	333	20	2021.15
838	radiomic feature	0.5241	0.2476	3	137	249	16	2021.0625
839	radiomics	0.5526	0.2743	3	98	176	11	2021.3636
840	radiomics feature	0.4005	0.2639	3	141	261	14	2021.2857
841	random forest regression	-0.5986	0.0239	1	129	181	11	2021.1818
842	rapid detection	-0.1298	0.1577	3	96	130	11	2021.3636
843	rat	0.6935	-0.1932	2	148	204	16	2019.1875
844	rational design	-0.86	-0.2215	1	207	374	28	2021.0357
845	rationale	0.6924	0.1062	3	162	216	13	2020.0769
846	rdrp	-0.0818	-0.0674	3	103	174	12	2021.3333
847	reagent	-0.363	0.0458	3	128	193	14	2020.7857
848	real time pcr	0.6386	0.0188	2	133	181	12	2019
849	real time polymerase chain reaction	0.3514	0.1602	3	205	313	19	2021
850	real time quantitative polymerase chain reaction	1.0296	-0.0627	2	155	253	13	2020.4615
851	recall	-0.1228	0.1684	3	269	519	35	2020.3143
852	receiver	0.4817	0.1604	3	560	1998	108	2020.9722
853	receiver operating characteristic	0.6818	0.0441	2	480	1470	64	2021.3281
854	recent advance	-0.4634	-0.1502	1	125	176	14	2020.4286
855	recent development	-0.7209	-0.2011	1	86	106	11	2019.6364
856	receptor	0.4508	-0.1396	2	434	1056	70	2020.2857
857	reconstruction	-0.6116	-0.1423	1	195	295	23	2020.087
858	record	0.0429	0.1528	3	292	592	40	2020.8
859	recurrence	1.0877	0.0649	2	286	667	33	2020.303
860	regression analysis	0.7565	0.0317	2	493	1327	63	2021.3333
861	regulation	0.6228	-0.1661	2	546	1841	124	2020.1532
862	regulator	0.9181	-0.1489	2	338	793	47	2020.5745
863	regulatory network	1.1035	-0.1722	2	251	551	27	2020.1852
864	reinforcement	-1.0854	0.0802	1	232	513	33	2021.2424
865	relapse	1.0701	-0.0106	2	185	309	16	2020.3125
866	release	-0.5208	-0.1181	1	266	452	33	2020.9091
867	relevance	0.5883	-0.0249	2	412	813	44	2020.5682
868	replication	0.2877	-0.1092	3	279	481	39	2019.6923
869	representation	-0.7397	-0.096	1	417	1081	80	2020.2875
870	researcher	-0.6075	0.0272	1	483	1162	77	2020.974
871	residue	-0.2216	-0.1564	3	164	248	24	2020.9583
872	resnet	-0.1688	0.2116	3	122	216	14	2021.5714
873	respect	-0.6713	-0.0737	1	382	712	50	2019.72
874	respiratory disease	0.0717	0.151	3	152	232	14	2022
875	retrospective study	0.2306	0.2611	3	269	605	30	2021.1333
876	reverse transcription polymerase chain reaction	-0.098	0.2161	3	328	1082	59	2021.3559
877	rheumatoid arthritis	1.1263	-0.1584	2	159	275	12	2021.3333
878	risk	0.5151	0.1155	3	673	3022	181	2021.0221
879	risk factor	0.6823	0.1592	3	396	1043	56	2021.125
880	risk model	1.3208	0.0224	2	254	619	23	2022.3478
881	risk score	1.1345	0.0968	2	396	1279	50	2022
882	risk stratification	0.9887	0.1262	2	259	509	24	2021.375
883	rmse	-1.0384	0.1401	1	376	1256	71	2021.7324
884	rna	0.8196	-0.0885	2	556	2123	129	2020.6822
885	rna dependent rna polymerase	-0.1175	-0.0599	3	89	132	12	2020.25
886	rna polymerase ii	-0.074	-0.1728	4	86	136	17	2020.0588
887	rna seq	0.9508	-0.1276	2	237	434	26	2020.7308
888	rna sequencing	0.8908	-0.0567	2	344	846	49	2021.1633
889	roc	0.7528	0.0373	2	515	1686	72	2021.2361
890	roc curf	1.2178	-0.1061	2	208	373	13	2022.4615
891	roc curve	0.628	0.0443	2	299	521	28	2021.1786
892	role	0.4151	-0.1099	2	860	4657	293	2020.5324
893	room temperature	-0.9403	-0.1643	1	93	126	11	2021.0909
894	root	-0.9262	0.1419	1	349	962	56	2021.2857
895	root mean square error	-0.9174	0.1258	1	247	468	29	2021
896	rt pcr	0.1139	0.1591	3	591	2411	140	2020.7357
897	rt pcr test	-0.0336	0.2457	3	193	403	23	2021.4348
898	rt qpcr	0.9449	-0.0279	2	376	919	41	2021.7073
899	safety	-0.6524	-0.0052	1	217	331	25	2021
900	sars cov	0.0986	0.1294	3	592	2742	180	2021.5
901	scaffold	-0.4881	-0.1636	1	194	323	25	2020
902	scan	-0.1296	0.237	3	223	473	32	2021.0625
903	scheme	-0.6896	-0.0518	1	448	1068	77	2020.2338
904	scientist	-0.4977	-0.0021	1	183	285	25	2020.4
905	second	-0.604	0.0361	1	105	134	10	2020.5
906	segmentation	-0.3463	0.1331	3	281	603	41	2021.2195
907	selection operator	1.1591	-0.019	2	423	1386	50	2022.02
908	selectivity	-0.8587	-0.1797	1	239	564	46	2021.1739
909	sem	-1.0983	-0.0777	1	125	245	17	2021.1176
910	semi	-0.3717	0.0701	1	129	161	14	2020.3571
911	sensitivity analysis	-0.5658	0.1318	1	349	738	41	2022.0244
912	sensor	-0.7594	0.0021	1	425	1309	110	2020.8818
913	sensor array	-0.4998	-0.0539	1	103	172	16	2020.375
914	separation	-0.9152	-0.135	1	301	684	48	2020.9583
915	sepsis	0.9764	-0.0796	2	196	338	18	2020.5556
916	sequencing data	0.6705	-0.0951	2	372	801	53	2020.5472
917	serum sample	0.5171	0.0483	3	170	264	17	2021.5294
918	severe acute respiratory syndrome coronavirus	0.1256	0.1359	3	429	1166	67	2021.4925
919	severe case	0.2825	0.2895	3	129	207	11	2021.3636
920	severe disease	0.2969	0.1743	3	130	221	14	2021.0714
921	severity	0.2293	0.1777	3	433	1262	75	2021.3733
922	sex	0.4922	0.175	3	337	795	45	2020.5111
923	shap	-0.4792	0.177	1	248	496	29	2022
924	shape	-0.7166	-0.0908	1	378	838	62	2021.0645
925	shapley additive explanation	-0.6834	0.2256	1	231	492	30	2021.8667
926	show	-0.6033	-0.047	1	259	396	29	2021.3103
927	signature	0.9054	0.0104	2	706	4847	252	2020.4325
928	significant association	0.963	-0.0522	2	156	202	11	2019.5455
929	significant challenge	-0.6929	-0.1246	1	116	153	12	2019.6667
930	significant correlation	1.0854	-0.0195	2	161	212	11	2021.6364
931	significant difference	0.8713	0.0219	2	474	1308	69	2021.3478
932	significant feature	-0.7785	0.038	1	121	151	11	2020.9091
933	significant improvement	-0.4612	0.0428	1	115	130	10	2021.8
934	simulation	-1.0279	-0.1255	1	509	2707	200	2021.05
935	simulation result	-1.0912	-0.0007	1	162	261	18	2020.3889
936	single cell	0.7519	-0.217	2	221	399	29	2020.5517
937	single cell analysis	0.9027	-0.2307	2	130	209	14	2020
938	single cell level	1.018	-0.2473	2	111	162	12	2020.9167
939	single cell rna sequencing	1.1065	-0.2026	2	157	251	16	2021.25
940	single sample gene	1.4151	-0.124	2	173	309	12	2022.1667
941	situation	-0.4105	0.153	3	284	539	37	2021.2432
942	small amount	-0.6879	-0.1053	1	125	174	12	2021.9167
943	small molecule	-0.4296	-0.1928	1	222	378	33	2020.3333
944	smartphone	-0.2049	0.0664	3	122	202	14	2021.7857
945	soil	-0.8007	0.01	1	160	258	22	2021.2727
946	solution	-0.8254	0.0632	1	602	2432	171	2020.883
947	solvent	-1.043	-0.127	1	211	423	33	2021.0303
948	somatic mutation	0.9914	0.111	2	136	220	14	2020.8571
949	space	-0.8377	-0.1494	1	505	1893	143	2020.8112
950	spatial distribution	-0.732	-0.0137	1	93	124	16	2021.4375
951	spectra	-0.6904	-0.0143	1	329	741	66	2021.0455
952	spectroscopy	-0.6602	-0.014	1	353	791	67	2020.9552
953	speed	-0.8768	0.01	1	365	894	73	2020.3151
954	spike protein	0.0121	-0.0164	3	118	184	14	2020.5714
955	spread	-0.0847	0.0966	3	340	784	57	2021.4211
956	square	-0.6763	0.0748	1	231	338	25	2019.88
957	square error	-1.0844	0.1527	1	257	654	37	2021.3243
958	squared error	-0.9624	0.121	1	177	315	18	2020.9444
959	ssgsea	1.3726	-0.1206	2	202	384	14	2022.2857
960	stiffness	-1.019	-0.0048	1	171	294	18	2021.3889
961	stratification	0.8832	0.0443	2	299	575	29	2020.5172
962	strength	-1.0943	0.0542	1	470	2221	145	2021.469
963	structural feature	-0.6737	-0.2079	1	132	182	16	2019.5625
964	structural health monitoring	-1.1749	0.0578	1	93	195	16	2021.75
965	structure	-0.7599	-0.1179	1	746	4889	395	2020.5823
966	structure property relationship	-1.1298	-0.1942	1	137	236	16	2021.0625
967	subgroup	0.9577	-0.0197	2	337	774	45	2020.0667
968	substrate	-0.7697	-0.1542	1	254	473	47	2020.8298
969	subtype	1.0498	0.0037	2	460	1594	81	2020.9506
970	success	-0.7091	-0.0943	1	197	324	27	2019.5556
971	suitability	-0.7567	-0.0422	1	98	132	12	2019.6667
972	support vector machine recursive feature elimination	1.3264	-0.1551	2	232	576	20	2022.4
973	support vector regression	-1.0062	0.0903	1	308	800	52	2020.7308
974	surface	-0.794	-0.1083	1	505	1545	128	2020.7188
975	surrogate model	-1.105	-0.0788	1	217	455	34	2021.3824
976	survival	1.022	0.0381	2	539	2286	105	2021.0667
977	survival analysis	1.2263	0.0324	2	253	538	22	2021.5455
978	svm rfe	1.3035	-0.1325	2	288	797	30	2021.9
979	svr	-0.9961	0.0985	1	296	751	48	2021.0625
980	symptom	0.2208	0.1715	3	484	1759	109	2020.9908
981	symptom onset	0.3561	0.1515	3	103	149	10	2021
982	synthesis	-0.7628	-0.1976	1	437	1222	99	2020.1818
983	t cell	1.1986	-0.1394	2	427	1726	77	2021.4156
984	target gene	0.7024	-0.1818	2	184	305	21	2019.5238
985	task	-0.6852	-0.0364	1	498	1316	101	2020.495
986	taxa	0.1971	-0.1216	2	175	360	33	2020.1515
987	tcga	1.3949	0.0053	2	335	1364	49	2021.6735
988	temperature	-0.8682	0.0258	1	585	2403	181	2021.1215
989	tensile strength	-1.1915	0.0775	1	208	432	26	2021.9615
990	test data	-0.6019	0.192	1	210	322	24	2021.25
991	test result	-0.1387	0.2167	3	304	715	46	2021.1522
992	theory	-0.8392	-0.14	1	334	781	65	2020.0769
993	therapeutic response	1.3378	0.0768	2	197	457	17	2021.2941
994	therapeutic target	1.0982	-0.1313	2	314	757	35	2021.4286
995	therapy	0.7607	0.003	2	627	2601	149	2020.349
996	thermal conductivity	-1.1127	-0.089	1	118	214	15	2021.4
997	thickness	-1.067	-0.0038	1	350	903	59	2021.8475
998	thin film	-1.0161	-0.1933	1	117	204	18	2021.2778
999	thousand	-0.527	-0.1443	1	226	346	27	2020.3333
1000	time consuming	-0.6614	0.1379	1	225	371	27	2021.8148
1001	tissue	0.7863	-0.101	2	626	2677	146	2020.5616
1002	tmb	1.3194	0.0778	2	184	374	13	2021.8462
1003	tme	1.4067	0.0092	2	185	405	15	2021.8
1004	tnf	0.9577	-0.16	2	165	272	14	2020.5714
1005	tomography	-0.1884	0.1389	3	373	842	50	2021.3
1006	topology	-0.8509	-0.1857	1	221	441	31	2020.3871
1007	total	0.4481	0.0165	2	814	4045	222	2021.1667
1008	training cohort	1.1666	0.1338	2	159	233	10	2021.3
1009	training data	-0.6838	0.0565	1	377	760	49	2020.7551
1010	transcript	0.8252	-0.0764	2	319	783	54	2018.6111
1011	transcription factor	0.6686	-0.2056	2	266	563	40	2019.025
1012	transcription polymerase chain reaction	-0.2128	0.2848	3	127	231	16	2021.25
1013	transcriptome	0.8364	-0.1016	2	332	776	54	2020.5185
1014	transcriptome data	1.132	-0.1058	2	223	399	21	2020.9048
1015	transfer	-0.6942	-0.0149	1	364	748	54	2021.5
1016	transfer learning	-0.7414	0.0819	1	231	480	30	2021.2333
1017	transferability	-1.0412	-0.114	1	157	275	16	2020.875
1018	transport	-0.8171	-0.1562	1	240	447	37	2020.3243
1019	treatment response	0.816	0.0324	2	195	329	21	2020.5714
1020	triage	0.2183	0.283	3	195	372	21	2021.1905
1021	tumor	1.0259	0.0311	2	511	2303	118	2019.9915
1022	tumor cell	0.9441	-0.1632	2	175	261	15	2021.4667
1023	tumor microenvironment	1.327	0.0087	2	306	897	34	2022
1024	tumor sample	1.017	0.0932	2	176	293	15	2020.5333
1025	tumor tissue	1.0727	0.0636	2	186	318	16	2019.3125
1026	tumorigenesis	1.1483	-0.0423	2	188	326	15	2020.7333
1027	ultimate tensile strength	-1.1397	0.0238	1	132	212	11	2021.8182
1028	uncertainty	-0.7085	0.0102	1	324	679	52	2020.8269
1029	underlying mechanism	0.5947	-0.1813	2	170	218	10	2021.2
1030	unit	-0.6557	-0.1253	1	400	947	76	2020.5526
1031	united states	0.3616	0.0582	3	142	192	12	2020
1032	univariate	0.8446	0.0848	2	187	283	11	2021.6364
1033	univariate analysis	0.5285	0.1911	3	136	203	12	2021.25
1034	unsupervised clustering	0.8787	-0.0465	2	148	227	13	2020.8462
1035	unsupervised machine	-0.6479	-0.0709	1	178	260	24	2020.8333
1036	unsupervised machine learning	-0.5818	-0.1062	1	129	164	13	2021.0769
1037	upregulation	1.079	-0.0949	2	265	508	23	2020.7391
1038	vaccination	0.2875	0.0999	3	204	343	23	2021.5652
1039	vaccine	0.2228	0.057	3	246	442	35	2021.2286
1040	validation cohort	0.9383	0.1405	2	394	980	49	2021.3878
1041	validation set	0.7946	-0.0187	2	316	640	35	2020.9143
1042	verification	0.6271	-0.0951	2	324	582	30	2020.9667
1043	versatility	-0.7881	-0.171	1	106	137	13	2021.3077
1044	viral infection	0.3458	0.1035	3	209	352	24	2021.0833
1045	viral pneumonia	-0.0663	0.2466	3	129	253	13	2020.8462
1046	virtual screening	-0.7927	-0.2396	1	158	266	20	2020.15
1047	viscosity	-1.0877	-0.0456	1	195	345	25	2020.96
1048	visit	0.2257	0.2165	3	145	248	15	2020.8
1049	vital sign	0.1891	0.292	3	159	296	15	2021.1333
1050	vitro	0.4956	-0.1566	2	479	1218	75	2020.2667
1051	vitro experiment	1.2421	-0.1222	2	191	331	13	2022.1538
1052	vivo	0.3224	-0.1835	2	224	371	26	2020.8077
1053	voc	-0.3541	-0.0196	3	123	201	17	2021.6471
1054	vocs	-0.1334	0.0258	3	102	148	10	2021.5
1055	volatile organic compound	-0.3059	-0.0206	3	86	144	13	2021.4615
1056	water	-0.8227	-0.0004	1	385	989	78	2021.3846
1057	web server	-0.6038	-0.0983	1	90	113	13	2019.9231
1058	weighted gene co expression network analysis	1.3353	-0.1107	2	271	670	26	2021.8077
1059	well	-0.8279	-0.0817	1	156	216	14	2021.7857
1060	western blot	1.1806	-0.1494	2	216	383	17	2020.8824
1061	western blotting	1.3489	-0.0675	2	180	295	12	2021.25
1062	wgcna	1.3208	-0.1249	2	361	1471	54	2022.1667
1063	whole blood	0.5707	0.0242	2	176	275	17	2020
1064	wide range	-0.6787	-0.0847	1	421	865	59	2021.2203
1065	wide variety	-0.699	-0.152	1	136	174	13	2020.3846
1066	wild type	0.6038	0.0923	2	150	205	16	2020.8125
1067	woman	0.6281	0.0336	2	270	485	32	2021.1562
1068	work	-0.6372	-0.0598	1	919	6183	467	2020.9936
1069	world health organization	-0.042	0.2136	3	121	190	14	2019.1429
1070	x ray	-0.4331	0.1917	3	203	442	26	2021.5
1071	x ray image	-0.2967	0.2477	3	118	234	14	2021.5714
1072	xgb	-0.7107	0.2331	1	157	223	13	2022.1538
1073	xgboost model	-0.5045	0.2119	1	222	376	22	2021.7273
1074	yeast	-0.0306	-0.22	4	79	119	13	2019.1538
1075	yield	-0.6282	-0.1397	1	281	477	34	2021.0294
1076	young	-0.6599	-0.118	1	136	197	12	2021.5
